nan, 2.586605866739162707e+00, 2.073009228911005586e+00, 1.818307915896641314e+00, 1.657424381363595156e+00, 1.543677186726662764e+00, 1.457644631880670838e+00, 1.389542364695392385e+00, 1.333821043120597682e+00, 1.287065262137025545e+00, 1.247042567874180108e+00, 1.212224474288526199e+00, 1.181525114200363102e+00, 1.154149446962355885e+00, 1.129500551781621898e+00
2.012020319532253687e+00, 1.781923104196945440e+00, 1.632519687178018319e+00, 1.525235054422133363e+00, 1.443263939175196686e+00, 1.377908165525040918e+00, 1.324144487629566935e+00, 1.278840729427506595e+00, 1.239929209777729469e+00, 1.205983184694254806e+00, 1.175982653622463348e+00, 1.149176894019200423e+00, 1.124999776716083533e+00, 1.103015468477509309e+00, 1.082882425952223615e+00
1.609141453025712876e+00, 1.507721335750895619e+00, 1.429496697457123711e+00, 1.366703712758827072e+00, 1.314782415574275998e+00, 1.270854270240513229e+00, 1.233001044001403201e+00, 1.199889199287538677e+00, 1.170559565344929442e+00, 1.144302622520796620e+00, 1.120581029797806938e+00, 1.098979604429351165e+00, 1.079171955180042719e+00, 1.060897593735208533e+00, 1.043945848723369707e+00
1.416299741641891874e+00, 1.355902545797507130e+00, 1.305717600660496025e+00, 1.263094134703819371e+00, 1.226249751854134207e+00, 1.193936446241698812e+00, 1.165251303333373123e+00, 1.139523154604196398e+00, 1.116241600593637529e+00, 1.095010874428837822e+00, 1.075518888523880667e+00, 1.057515895973479836e+00, 1.040799428851699071e+00, 1.025203444594134705e+00, 1.010590360135836141e+00
1.296934100065521234e+00, 1.255549362659330370e+00, 1.219667524138545289e+00, 1.188119195430026531e+00, 1.160053558248709038e+00, 1.134835180916645703e+00, 1.111978901490889848e+00, 1.091107223214998312e+00, 1.071921570894581732e+00, 1.054182379722645280e+00, 1.037694981690163498e+00, 1.022299397258742859e+00, 1.007862818263810745e+00, 9.942739833366095459e-01, 9.814389084804099328e-01
1.213247021885937471e+00, 1.182432034215822991e+00, 1.154962241923677579e+00, 1.130235550326197380e+00, 1.107790460680299738e+00, 1.087266681986234662e+00, 1.068378412890689466e+00, 1.050895746450892787e+00, 1.034631434958338536e+00, 1.019431282090697222e+00, 1.005167045046216012e+00, 9.917311082155951807e-01, 9.790324295555044021e-01, 9.669934160068484053e-01, 9.555474869747698774e-01
1.149973473062972706e+00, 1.125721260387756661e+00, 1.103673915621196100e+00, 1.083487363812046800e+00, 1.064887887508081388e+00, 1.047654745906028140e+00, 1.031607754239453278e+00, 1.016598235152173180e+00, 1.002502312749764979e+00, 9.892158660429944961e-01, 9.766506783726274232e-01, 9.647314624211289491e-01, 9.533935354127364148e-01, 9.425809834117916397e-01, 9.322451979209458450e-01
1.099627006950267605e+00, 1.079767459337753976e+00, 1.061448527047992307e+00, 1.044458173848617388e+00, 1.028622941291100101e+00, 1.013799421285079605e+00, 9.998679167854810368e-01, 9.867276578369966744e-01, 9.742931421643357126e-01, 9.624913014068299244e-01, 9.512592820507776992e-01, 9.405426898616424669e-01, 9.302941878999007042e-01, 9.204723671719376998e-01, 9.110408295851216698e-01
1.058058920209474341e+00, 1.041304869913287412e+00, 1.025676032446720898e+00, 1.011034032898983970e+00, 9.972631747776091737e-01, 9.842659026873592509e-01, 9.719593229950095337e-01, 9.602725034515660063e-01, 9.491443542358590779e-01, 9.385219484311133620e-01, 9.283591784446278972e-01, 9.186156719724222208e-01, 9.092559104438547868e-01, 9.002485068567551707e-01, nan
1.022766097102170368e+00, 1.008301288820538488e+00, 9.946874256776675471e-01, 9.818300370652519593e-01, 9.696487372174861230e-01, 9.580746508823753116e-01, 9.470483891971002155e-01, 9.365184423580170670e-01, 9.264398915994267458e-01, 9.167733683458458849e-01, 9.074842065398919244e-01, 9.909694146229311995e-01, 9.919006027177311724e-01, nan, nan
9.921400289210812184e-01, 9.794195141648752712e-01, 9.673609149536944729e-01, 9.558973374520747246e-01, 9.449710337134088478e-01, 9.345318629153562817e-01, 9.245360562113636993e-01, 9.149452170584940758e-01, 9.057255059054314383e-01, 9.906621649501584637e-01, 9.908515432453124383e-01, 9.931901043659828732e-01, nan, nan, 9.908892645558640133e-01
9.650953995980535716e-01, 9.537401679430455026e-01, 9.429119437946005267e-01, 9.325619091526108351e-01, 9.226474077188019374e-01, 9.131309844952321120e-01, 9.039796013875640579e-01, nan, 9.903885962852300162e-01, nan, 9.921669902732656032e-01, 9.927841171698964517e-01, nan, nan, nan
9.408707843753643107e-01, 9.306082876470768150e-01, 9.207736879478654046e-01, 9.113304424917597624e-01, 9.022462905091385155e-01, nan, 9.904654603143688840e-01, nan, nan, 9.904693042116253787e-01, nan, nan, nan, nan, nan
9.189146449164903308e-01, 9.095433681729143682e-01, 9.005253753344834022e-01, nan, nan, nan, 9.934990128556837607e-01, nan, nan, 9.909160134086979488e-01, 9.905804735955525686e-01, nan, nan, nan, 9.890069567844465004e-01
nan, 9.926742687985157243e-01, nan, 9.920146909629088405e-01, 9.910102976755170712e-01, nan, 9.905231783799912648e-01, 9.890424798906819470e-01, 9.888292704222202412e-01, 9.897948037564796575e-01, nan, nan, 9.993549486255479675e-01, nan, 9.978042681970514804e-01
